mode: 0 (cross per high degree), 1 (num nodes, num edges), 2 (numCross)map00010.oriented
14 1201 1 118
12 947 1 131
9 704 1 143
7 449 1 170
5 426 1 196
3 21 21 247
1 0 49 288
map00020.oriented
9 451 1 72
7 337 1 88
5 174 1 95
3 64 2 118
1 0 19 153
map00030.oriented
14 765 1 127
11 527 1 140
8 394 1 171
6 138 2 200
4 130 3 212
2 2 31 258
map00040.oriented
35 3351 1 162
19 1518 1 196
16 935 1 234
12 487 1 250
7 274 1 274
5 161 5 312
3 42 16 331
1 1 64 390
map00051.oriented
22 1854 1 165
17 1884 1 186
11 1354 1 203
9 569 2 255
7 306 4 288
5 324 5 295
3 14 27 338
1 0 63 387
map00052.oriented
21 572 1 128
17 412 1 148
8 233 4 165
6 145 5 180
4 195 6 186
2 18 20 234
map00053.oriented
30 1509 1 157
20 963 1 186
11 564 1 206
9 528 1 217
7 252 1 235
5 157 1 249
3 100 12 280
1 0 45 323
map00500.oriented
28 1908 1 136
23 1298 1 163
14 907 1 186
10 586 1 200
8 411 5 237
6 73 18 274
4 30 32 297
2 0 53 328
map00520.oriented
41 4932 1 301
24 5032 1 341
18 2786 1 365
16 2698 1 383
13 1928 1 414
10 891 1 440
8 702 1 450
6 887 2 517
4 224 22 570
2 8 72 640
map00562.oriented
26 1135 1 127
19 770 1 152
17 401 1 171
8 200 1 205
6 153 4 213
4 39 12 244
2 3 32 272
map00620.oriented
31 4101 1 169
23 3602 1 199
18 1892 1 245
15 913 2 281
13 1190 7 296
11 645 10 335
8 379 19 376
5 123 34 408
3 19 55 436
1 0 68 457
map00630.oriented
25 3159 1 182
20 1740 1 206
17 1519 1 226
13 1335 2 243
11 834 2 256
7 429 10 299
5 323 10 325
3 92 27 368
1 1 61 409
map00640.oriented
22 2080 1 136
18 1349 1 157
16 1333 1 175
13 737 1 191
10 512 1 217
7 358 1 227
5 136 8 271
3 21 24 301
1 0 52 334
map00650.oriented
29 2333 1 149
17 1506 1 177
11 997 1 228
9 604 1 239
7 323 2 274
5 112 9 308
3 22 21 326
1 0 54 367
map00660.oriented
15 214 1 90
7 130 1 104
4 60 1 111
2 28 10 142
map01200.oriented
62 29555 1 361
48 24363 1 422
27 14080 1 470
24 9365 1 550
20 3557 1 667
13 2356 1 707
11 1611 3 720
9 1855 5 752
7 839 22 839
5 919 31 888
3 126 65 949
1 2 165 1078
map01210.oriented
51 16881 1 316
46 12773 1 366
42 8743 1 412
28 6463 1 454
21 4531 1 482
19 3149 1 524
17 2001 1 543
15 2013 1 576
13 1110 1 619
11 1258 3 632
8 785 4 654
5 511 4 670
3 92 23 723
1 0 72 792
map01212.oriented
54 8059 1 234
35 4074 1 287
23 3520 1 322
17 1315 1 368
13 663 1 434
11 785 4 460
9 275 5 482
6 105 5 500
4 96 7 518
2 31 14 528
map01220.oriented
143 50503 1 547
112 30348 1 689
100 13026 1 913
91 3039 7 1013
22 2576 12 1104
19 2306 13 1148
12 2109 15 1167
9 1505 18 1179
6 1157 20 1196
4 322 32 1234
2 49 55 1280
map01230.oriented
53 14218 1 337
32 10077 1 389
27 3407 1 421
22 4315 1 448
18 3162 1 513
16 1678 1 549
12 1920 1 580
10 1274 1 604
8 1039 1 623
6 749 1 646
4 534 7 693
2 29 46 750
map01232.oriented
75 10671 1 221
42 7875 1 295
37 6407 1 337
35 2232 1 374
17 2109 2 409
13 2034 2 426
8 1220 6 451
6 1016 15 524
4 115 40 594
2 7 92 657
map01240.oriented
91 27351 1 722
66 14588 1 812
58 24393 1 878
43 19474 1 936
41 10539 1 979
36 12917 1 1020
30 4439 1 1127
28 6369 1 1157
25 5240 2 1212
22 3037 3 1237
20 2961 4 1280
15 5195 4 1300
12 3428 6 1315
10 3927 7 1327
8 3563 7 1356
5 2587 10 1402
3 1813 19 1458
1 39 155 1660
map01250.oriented
41 8856 1 447
23 5630 1 527
20 5230 1 550
17 2641 1 610
14 2590 1 675
11 1616 1 703
9 1638 1 725
7 1054 8 758
5 225 23 797
3 49 47 830
1 0 114 903
