highestDegree, numCrossings, numCCs, numNodes
map00010.oriented 241
14 1230 1 118
13 983 1 131
10 650 1 143
8 445 1 170  X
7 340 1 184
6 434 1 196
5 92 11 231
4 58 21 247
3 3 37 274
2 0 49 288
map00020.oriented 138
9 466 1 72
8 323 1 88 X
6 182 1 95
5 108 1 110
4 64 2 118
3 21 4 133
2 0 19 153
map00030.oriented 229
14 649 1 127
12 702 1 140
11 402 1 151
9 346 1 171 X
8 261 2 179
7 153 2 200
5 130 3 212
4 14 18 240
3 1 31 258
2 0 50 278
map00040.oriented 326
35 3224 1 162
20 1734 1 196
17 1022 1 234
13 464 1 250 X
8 249 1 274
7 300 1 288
6 161 5 312
5 68 16 327
4 50 16 331
3 21 30 352
2 0 64 390
map00051.oriented 325
22 2053 1 165
18 1929 1 186
12 1362 1 203
11 698 1 225
10 575 2 255 X
9 470 4 264
8 322 4 288
6 324 5 295
5 148 12 310
4 33 27 338
3 5 40 359
2 0 63 387
map00052.oriented 223
21 585 1 128
18 424 1 148
9 347 4 165
8 151 5 173
7 116 5 180
5 192 6 186
4 131 9 210
3 50 20 234
2 1 47 270
map00053.oriented 282
30 1421 1 157
21 1031 1 186
12 639 1 206
10 522 1 217
8 267 1 235
6 157 1 249
5 175 5 264
4 101 12 280
3 13 27 301
2 1 45 323
map00500.oriented 279
28 2185 1 136
24 1373 1 163
15 715 1 186
11 549 1 200
10 589 1 210
9 412 5 237
8 519 9 253
7 62 18 274
6 36 28 292
5 22 32 297
4 8 43 313
3 0 53 328
2 0 69 346
map00520.oriented 577
41 5627 1 301
25 4582 1 341
19 2882 1 365
17 2413 1 383
16 1791 1 399
14 1884 1 414
11 888 1 440
9 1180 1 450
8 843 2 482
7 858 2 517
6 802 9 535
5 229 22 570
4 24 61 622
3 10 72 640
2 0 101 676
map00562.oriented 245
26 1285 1 127
20 737 1 152
18 428 1 171
9 255 1 205
7 161 4 213
6 147 4 219
5 43 12 244
4 9 21 260
3 4 32 272
2 0 41 282
map00620.oriented 396
31 3896 1 169 
24 3459 1 199
19 1656 1 245
16 1164 2 281
14 1142 7 296
12 681 10 335
11 392 12 346
9 353 19 376
6 98 34 408
5 30 47 428
4 16 55 436
3 4 60 445
2 1 68 457
map00630.oriented 349
25 2352 1 182
21 1744 1 206
18 1559 1 226
14 1384 2 243
12 825 2 256
11 557 8 289
8 414 10 299
7 274 10 313
6 262 10 325
5 225 17 340
4 91 27 368
3 5 50 395
2 1 61 409
map00640.oriented 285
22 2034 1 136
19 1398 1 157
17 1413 1 175
14 807 1 191
11 507 1 217
8 403 1 227
7 302 1 241
6 130 8 271
5 75 12 281
4 24 24 301
3 4 29 310
2 0 52 334
map00650.oriented 316
29 3295 1 149
18 1492 1 177
12 907 1 228
10 611 1 239
9 296 1 266
8 334 2 274
7 73 9 302
6 108 9 308
5 47 16 318
4 18 21 326
3 15 33 341
2 0 54 367
map00660.oriented 138
15 191 1 90
8 115 1 104
5 60 1 111
4 28 3 127
3 28 10 142
2 0 22 156
map01200.oriented 917
62 31292 1 361
49 20343 1 422
28 14954 1 470
27 9459 1 524
25 8543 1 550
24 7671 1 598
21 2907 1 667
14 2311 1 707
12 998 3 720
11 3341 3 742
10 793 5 752
9 1792 15 815
8 1226 22 839
7 997 22 846
6 955 31 888
5 312 47 913
4 142 65 949
3 7 123 1030
2 2 165 1078
map01210.oriented 720
51 14045 1 316
47 13113 1 366
43 7285 1 412
29 5927 1 454
22 4653 1 482
20 1568 1 524
18 2079 1 543
17 1711 1 560
16 1878 1 576
15 1308 1 591
14 1091 1 619
12 1108 3 632
9 671 4 654
6 567 4 670
5 176 8 695
4 108 23 723
3 37 36 750
2 0 72 792
map01212.oriented 527
54 8123 1 234
36 5984 1 287
24 3531 1 322
18 1956 1 368
17 1362 1 402
14 654 1 434
12 739 4 460
10 288 5 482
7 113 5 500
5 108 7 518
4 35 10 522
3 18 14 528
2 4 60 586
map01220.oriented 1240
143 51253 1 547
113 34392 1 689
101 3279 1 913
92 4865 7 1013
23 3045 12 1104
20 2351 13 1148
13 2001 15 1167
10 1485 18 1179
9 1364 18 1188
7 1194 20 1196
6 954 21 1214
5 359 32 1234
4 154 41 1250
3 67 55 1280
2 10 98 1336
map01230.oriented 711
53 12970 1 337
33 6983 1 389
28 8431 1 421
23 6585 1 448
22 5478 1 492
19 3370 1 513
17 2966 1 549
16 2039 1 565
13 1842 1 580
11 1284 1 604
10 1400 1 614
9 772 1 623
8 855 1 639
7 749 1 646
6 777 3 658
5 523 7 693
4 139 19 717
3 36 46 750
2 0 92 802
map01232.oriented 571
75 11297 1 221
43 6692 1 295
38 5887 1 337
36 2877 1 374
18 1158 2 409
14 998 2 426
13 1910 2 439
9 1476 6 451
8 967 8 475
7 1009 15 524
6 792 19 554
5 151 40 594
4 36 74 630
3 3 92 657
2 0 124 691
map01240.oriented 1516
91 44051 1 722
67 9479 1 812
59 27353 1 878
44 9861 1 936
42 12133 1 979
37 8329 1 1020
36 6948 1 1092
31 4730 1 1127
29 5546 1 1157
28 2485 2 1185
26 5091 2 1212
23 4627 3 1237
22 5331 3 1259
21 2333 4 1280
16 2453 4 1300
13 3946 6 1315
11 1938 7 1327
10 4310 7 1347
9 3606 7 1356
8 2319 10 1388
6 2588 10 1402
5 2250 10 1422
4 1740 19 1458
3 276 62 1542
2 14 155 1660
map01250.oriented 790
41 8920 1 447
24 5804 1 527
21 5304 1 550
18 2280 1 610
17 2717 1 627
15 2580 1 675
12 1659 1 703
10 1638 1 725
9 1728 1 734
8 1270 8 758
7 707 14 779
6 284 23 797
5 208 26 802
4 36 47 830
3 12 71 857
2 0 114 903
