map00010.oriented;0.33941125869750977;1304;241
map00020.oriented;0.10157322883605957;285;138
map00030.oriented;0.23428106307983398;903;229
map00040.oriented;0.849628210067749;3391;326
map00051.oriented;0.5292096138000488;2289;325
map00052.oriented;0.18097758293151855;631;223
map00053.oriented;0.3633103370666504;1569;282
map00500.oriented;0.43257689476013184;2132;279
map00520.oriented;1.334754467010498;5136;577
map00562.oriented;0.27799296379089355;1295;245
map00620.oriented;1.0627949237823486;4863;396
map00630.oriented;0.6781039237976074;2559;349
map00640.oriented;0.503972053527832;2215;285
map00650.oriented;0.7598834037780762;3049;316
map00660.oriented;0.08651494979858398;240;138
map01200.oriented;8.647488832473755;29498;917
map01210.oriented;4.076759099960327;12737;720
map01212.oriented;2.069025754928589;7787;527
map01220.oriented;14.210631370544434;49865;1240
map01230.oriented;4.433130264282227;14373;711
map01232.oriented;2.835350751876831;11381;571
map01240.oriented;14.4021155834198;22095;1516
map01250.oriented;2.8424363136291504;10352;790
map00010.oriented;0.5680530071258545;1426;241
map00020.oriented;0.0982673168182373;423;138
map00030.oriented;0.21541476249694824;933;229
map00040.oriented;0.6793107986450195;2586;326
map00051.oriented;0.536041259765625;2506;325
map00052.oriented;0.18432021141052246;655;223
map00053.oriented;0.41982054710388184;1763;282
map00500.oriented;0.4977834224700928;2250;279
map00520.oriented;0.8239307403564453;2057;577
map00562.oriented;0.3141770362854004;1351;245
map00620.oriented;1.0138332843780518;4451;396
map00630.oriented;0.7317402362823486;2632;349
map00640.oriented;0.5797579288482666;2708;285
map00650.oriented;0.7130978107452393;2433;316
map00660.oriented;0.06137442588806152;240;138
map01200.oriented;7.466776371002197;23652;917
map01210.oriented;4.700209617614746;16300;720
map01212.oriented;1.9279510974884033;7316;527
map01220.oriented;15.674840688705444;56471;1240
map01230.oriented;4.393110513687134;13924;711
map01232.oriented;2.9601452350616455;11844;571
map01240.oriented;14.543099403381348;23851;1516
map01250.oriented;3.25028657913208;11495;790
map00010.oriented;0.37420153617858887;1338;241
map00020.oriented;0.10301852226257324;467;138
map00030.oriented;0.21033644676208496;933;229
map00040.oriented;0.6386637687683105;2598;326
map00051.oriented;0.46734046936035156;1936;325
map00052.oriented;0.17705535888671875;600;223
map00053.oriented;0.35536932945251465;1581;282
map00500.oriented;0.3409719467163086;1565;279
map00520.oriented;1.3821325302124023;5024;577
map00562.oriented;0.2997448444366455;1267;245
map00620.oriented;0.955794095993042;4318;396
map00630.oriented;0.8417248725891113;3154;349
map00640.oriented;0.567878007888794;2598;285
map00650.oriented;0.7875766754150391;2852;316
map00660.oriented;0.06406617164611816;254;138
map01200.oriented;9.278010606765747;32530;917
map01210.oriented;5.072609186172485;18499;720
map01212.oriented;2.0517213344573975;7642;527
map01220.oriented;14.735906600952148;51774;1240
map01230.oriented;3.4368674755096436;9318;711
map01232.oriented;2.721559524536133;10608;571
map01240.oriented;19.37631630897522;43877;1516
map01250.oriented;3.0268008708953857;10352;790
map00010.oriented;0.3456900119781494;1386;241
map00020.oriented;0.13909912109375;397;138
map00030.oriented;0.19969511032104492;830;229
map00040.oriented;0.748084306716919;3141;326
map00051.oriented;0.5297377109527588;2310;325
map00052.oriented;0.1882026195526123;663;223
map00053.oriented;0.3851017951965332;1720;282
map00500.oriented;0.4473686218261719;2188;279
map00520.oriented;1.0006213188171387;3063;577
map00562.oriented;0.2863924503326416;1295;245
map00620.oriented;0.9770090579986572;4311;396
map00630.oriented;0.7755699157714844;3089;349
map00640.oriented;0.5273809432983398;2190;285
map00650.oriented;0.6581196784973145;2433;316
map00660.oriented;0.08807539939880371;240;138
map01200.oriented;8.384766578674316;28170;917
map01210.oriented;4.996886968612671;18304;720
map01212.oriented;1.966550588607788;7509;527
map01220.oriented;15.654685497283936;56593;1240
map01230.oriented;3.4962728023529053;9710;711
map01232.oriented;2.9172351360321045;11526;571
map01240.oriented;14.170861959457397;21548;1516
map01250.oriented;3.23551344871521;11495;790
map00010.oriented;0.3177978992462158;1215;241
map00020.oriented;0.09328246116638184;397;138
map00030.oriented;0.21286344528198242;952;229
map00040.oriented;0.8002538681030273;3266;326
map00051.oriented;0.45911574363708496;1989;325
map00052.oriented;0.2015526294708252;759;223
map00053.oriented;0.3982532024383545;1596;282
map00500.oriented;0.47704410552978516;2399;279
map00520.oriented;0.867081880569458;2255;577
map00562.oriented;0.27843475341796875;1289;245
map00620.oriented;0.9540259838104248;4312;396
map00630.oriented;0.7504715919494629;2787;349
map00640.oriented;0.4931044578552246;2165;285
map00650.oriented;0.7981181144714355;3113;316
map00660.oriented;0.05829358100891113;213;138
map01200.oriented;9.373451948165894;33382;917
map01210.oriented;4.785482883453369;17060;720
map01212.oriented;1.852262258529663;7005;527
map01220.oriented;14.146326065063477;48970;1240
map01230.oriented;4.460789680480957;14579;711
map01232.oriented;2.632570266723633;10231;571
map01240.oriented;20.34297800064087;48519;1516
map01250.oriented;3.236701726913452;11495;790
map00010.oriented;0.3854336738586426;1393;241
map00020.oriented;0.1032412052154541;459;138
map00030.oriented;0.21673798561096191;972;229
map00040.oriented;0.8257415294647217;3627;326
map00051.oriented;0.4600231647491455;1853;325
map00052.oriented;0.18927597999572754;680;223
map00053.oriented;0.36347007751464844;1581;282
map00500.oriented;0.48273658752441406;2251;279
map00520.oriented;1.2796685695648193;4762;577
map00562.oriented;0.30460095405578613;1295;245
map00620.oriented;1.029139518737793;4782;396
map00630.oriented;0.7390649318695068;2682;349
map00640.oriented;0.494182825088501;2163;285
map00650.oriented;0.7509832382202148;2884;316
map00660.oriented;0.058612823486328125;227;138
map01200.oriented;7.91386866569519;26310;917
map01210.oriented;4.735379457473755;17175;720
map01212.oriented;2.1376185417175293;8340;527
map01220.oriented;13.906655073165894;48756;1240
map01230.oriented;4.548884391784668;15103;711
map01232.oriented;3.0829033851623535;12638;571
map01240.oriented;14.73467493057251;23400;1516
map01250.oriented;3.228161334991455;11495;790
map00010.oriented;0.32712888717651367;1305;241
map00020.oriented;0.09285712242126465;397;138
map00030.oriented;0.19401097297668457;814;229
map00040.oriented;0.8186764717102051;3350;326
map00051.oriented;0.43007993698120117;1837;325
map00052.oriented;0.2131955623626709;671;223
map00053.oriented;0.33235859870910645;1346;282
map00500.oriented;0.4426567554473877;2179;279
map00520.oriented;1.330315113067627;5043;577
map00562.oriented;0.29093480110168457;1381;245
map00620.oriented;1.1519138813018799;5343;396
map00630.oriented;0.6922938823699951;2587;349
map00640.oriented;0.5416550636291504;2164;285
map00650.oriented;0.8038337230682373;3283;316
map00660.oriented;0.06130409240722656;240;138
map01200.oriented;7.957339525222778;26816;917
map01210.oriented;4.366400241851807;14723;720
map01212.oriented;2.1538033485412598;8587;527
map01220.oriented;14.769716501235962;52840;1240
map01230.oriented;4.089196681976318;12896;711
map01232.oriented;3.085799217224121;12638;571
map01240.oriented;16.541234254837036;31603;1516
map01250.oriented;3.231689214706421;11495;790
map00010.oriented;0.3665430545806885;1279;241
map00020.oriented;0.09861373901367188;423;138
map00030.oriented;0.21338725090026855;933;229
map00040.oriented;0.7267334461212158;2889;326
map00051.oriented;0.507584810256958;2282;325
map00052.oriented;0.18989253044128418;680;223
map00053.oriented;0.3681046962738037;1569;282
map00500.oriented;0.48230481147766113;2256;279
map00520.oriented;1.121924638748169;3866;577
map00562.oriented;0.28318285942077637;1140;245
map00620.oriented;0.9874231815338135;4550;396
map00630.oriented;0.7646951675415039;2872;349
map00640.oriented;0.48595619201660156;2108;285
map00650.oriented;0.7916851043701172;3014;316
map00660.oriented;0.0625464916229248;249;138
map01200.oriented;8.95133090019226;31653;917
map01210.oriented;4.793782472610474;17236;720
map01212.oriented;1.7882192134857178;6242;527
map01220.oriented;15.389397621154785;55431;1240
map01230.oriented;4.5188257694244385;14801;711
map01232.oriented;3.1107749938964844;12638;571
map01240.oriented;19.412659168243408;43856;1516
map01250.oriented;3.227764129638672;11495;790
map00010.oriented;0.33402061462402344;1333;241
map00020.oriented;0.1385488510131836;397;138
map00030.oriented;0.19258522987365723;794;229
map00040.oriented;0.7524616718292236;3141;326
map00051.oriented;0.49639368057250977;2108;325
map00052.oriented;0.1635746955871582;490;223
map00053.oriented;0.22440338134765625;676;282
map00500.oriented;0.34920287132263184;1565;279
map00520.oriented;1.4881973266601562;5938;577
map00562.oriented;0.2751038074493408;1267;245
map00620.oriented;0.9187357425689697;3951;396
map00630.oriented;0.773399829864502;3089;349
map00640.oriented;0.5289340019226074;2201;285
map00650.oriented;0.7611284255981445;3049;316
map00660.oriented;0.08810138702392578;240;138
map01200.oriented;8.248087406158447;27733;917
map01210.oriented;5.069451570510864;18639;720
map01212.oriented;2.429882049560547;10013;527
map01220.oriented;15.004610061645508;52894;1240
map01230.oriented;4.33180046081543;14004;711
map01232.oriented;2.866299867630005;11448;571
map01240.oriented;15.158527374267578;25725;1516
map01250.oriented;3.235602617263794;11495;790
map00010.oriented;0.3420376777648926;1358;241
map00020.oriented;0.09365105628967285;397;138
map00030.oriented;0.24024271965026855;814;229
map00040.oriented;0.7301461696624756;2989;326
map00051.oriented;0.49066877365112305;2222;325
map00052.oriented;0.20786046981811523;611;223
map00053.oriented;0.37047791481018066;1559;282
map00500.oriented;0.4435570240020752;2179;279
map00520.oriented;1.268061637878418;4647;577
map00562.oriented;0.2798161506652832;1321;245
map00620.oriented;1.153848648071289;5343;396
map00630.oriented;0.7076435089111328;2634;349
map00640.oriented;0.5402669906616211;2262;285
map00650.oriented;0.8248627185821533;3440;316
map00660.oriented;0.06153225898742676;240;138
map01200.oriented;7.613160133361816;24468;917
map01210.oriented;4.498742341995239;15806;720
map01212.oriented;1.81589674949646;6740;527
map01220.oriented;14.737152338027954;52379;1240
map01230.oriented;4.306969881057739;13651;711
map01232.oriented;2.9128129482269287;11776;571
map01240.oriented;18.314707040786743;37768;1516
map01250.oriented;2.8655333518981934;10316;790
map00010.oriented;0.34392881393432617;1408;241
map00020.oriented;0.09335494041442871;397;138
map00030.oriented;0.24237918853759766;814;229
map00040.oriented;0.7354938983917236;3015;326
map00051.oriented;0.4496936798095703;1947;325
map00052.oriented;0.20610976219177246;611;223
map00053.oriented;0.3698146343231201;1575;282
map00500.oriented;0.4442903995513916;2178;279
map00520.oriented;1.3314969539642334;4975;577
map00562.oriented;0.27271413803100586;1267;245
map00620.oriented;1.1531486511230469;5343;396
map00630.oriented;0.8023295402526855;3212;349
map00640.oriented;0.42463088035583496;1508;285
map00650.oriented;0.7288634777069092;2873;316
map00660.oriented;0.06121182441711426;240;138
map01200.oriented;8.358407020568848;28507;917
map01210.oriented;4.8918235301971436;17300;720
map01212.oriented;2.1450772285461426;7751;527
map01220.oriented;16.151557445526123;54211;1240
map01230.oriented;4.503180742263794;13075;711
map01232.oriented;2.6246392726898193;10018;571
map01240.oriented;18.36385154724121;39038;1516
map01250.oriented;2.918102264404297;11098;790
map00010.oriented;0.33675646781921387;1408;241
map00020.oriented;0.09922409057617188;460;138
map00030.oriented;0.24452853202819824;872;229
map00040.oriented;0.7243883609771729;3059;326
map00051.oriented;0.43506336212158203;1955;325
map00052.oriented;0.21193265914916992;654;223
map00053.oriented;0.35333728790283203;1506;282
map00500.oriented;0.43628382682800293;2178;279
map00520.oriented;1.3496904373168945;5306;577
map00562.oriented;0.2790820598602295;1340;245
map00620.oriented;0.9901108741760254;4482;396
map00630.oriented;0.6994352340698242;2740;349
map00640.oriented;0.530907392501831;2262;285
map00650.oriented;0.8095760345458984;3430;316
map00660.oriented;0.05974578857421875;240;138
map01200.oriented;7.5797340869903564;25042;917
map01210.oriented;4.599690914154053;16530;720
map01212.oriented;1.9145820140838623;7472;527
map01220.oriented;11.375140190124512;37110;1240
map01230.oriented;4.438290596008301;14795;711
map01232.oriented;2.5361478328704834;9914;571
map01240.oriented;14.63019847869873;25135;1516
map01250.oriented;3.19923996925354;11571;790
map00010.oriented;0.3760545253753662;1340;241
map00020.oriented;0.09173941612243652;378;138
map00030.oriented;0.20896363258361816;933;229
map00040.oriented;0.7891337871551514;3443;326
map00051.oriented;0.5016624927520752;2139;325
map00052.oriented;0.18532896041870117;680;223
map00053.oriented;0.34627723693847656;1516;282
map00500.oriented;0.3412930965423584;1565;279
map00520.oriented;0.834510326385498;2445;577
map00562.oriented;0.27328968048095703;1295;245
map00620.oriented;1.176865577697754;5582;396
map00630.oriented;0.9684286117553711;4174;349
map00640.oriented;0.39028382301330566;1544;285
map00650.oriented;0.673335075378418;2433;316
map00660.oriented;0.06243085861206055;258;138
map01200.oriented;7.7948081493377686;26556;917
map01210.oriented;4.913573265075684;18369;720
map01212.oriented;1.8280580043792725;6819;527
map01220.oriented;15.322830200195312;55755;1240
map01230.oriented;4.487577199935913;15233;711
map01232.oriented;2.700087070465088;10860;571
map01240.oriented;16.714908599853516;33600;1516
map01250.oriented;3.1530442237854004;11410;790
map00010.oriented;0.32929205894470215;1347;241
map00020.oriented;0.09333610534667969;397;138
map00030.oriented;0.23259496688842773;781;229
map00040.oriented;0.7530944347381592;3266;326
map00051.oriented;0.4700052738189697;1970;325
map00052.oriented;0.17768359184265137;612;223
map00053.oriented;0.3571622371673584;1553;282
map00500.oriented;0.4455993175506592;2260;279
map00520.oriented;1.2796354293823242;4879;577
map00562.oriented;0.2705364227294922;1295;245
map00620.oriented;1.1161746978759766;5238;396
map00630.oriented;0.6973040103912354;2653;349
map00640.oriented;0.5278000831604004;2262;285
map00650.oriented;0.6934278011322021;2800;316
map00660.oriented;0.059892892837524414;240;138
map01200.oriented;9.001696586608887;32342;917
map01210.oriented;4.623399019241333;15455;720
map01212.oriented;1.9611930847167969;7678;527
map01220.oriented;13.964670658111572;49557;1240
map01230.oriented;3.46829891204834;9297;711
map01232.oriented;2.6005876064300537;10453;571
map01240.oriented;13.431787729263306;19665;1516
map01250.oriented;2.965654134750366;11144;790
map00010.oriented;0.3358006477355957;1408;241
map00020.oriented;0.09105610847473145;397;138
map00030.oriented;0.24680495262145996;872;229
map00040.oriented;0.7098839282989502;2997;326
map00051.oriented;0.45289087295532227;1817;325
map00052.oriented;0.19206023216247559;715;223
map00053.oriented;0.35584044456481934;1553;282
map00500.oriented;0.45057225227355957;2263;279
map00520.oriented;1.333319902420044;5162;577
map00562.oriented;0.271115779876709;1295;245
map00620.oriented;0.9552433490753174;4230;396
map00630.oriented;0.7612168788909912;3045;349
map00640.oriented;0.4158143997192383;1508;285
map00650.oriented;0.69242262840271;2725;316
map00660.oriented;0.06069135665893555;240;138
map01200.oriented;7.633517265319824;25379;917
map01210.oriented;4.530104160308838;16145;720
map01212.oriented;1.992945671081543;7751;527
map01220.oriented;14.843816757202148;54388;1240
map01230.oriented;4.279370546340942;13835;711
map01232.oriented;3.146063804626465;13419;571
map01240.oriented;15.988752365112305;31103;1516
map01250.oriented;3.149010181427002;11410;790
map00010.oriented;0.33542513847351074;1383;241
map00020.oriented;0.0952448844909668;431;138
map00030.oriented;0.195176362991333;820;229
map00040.oriented;0.7762160301208496;3195;326
map00051.oriented;0.4157681465148926;1826;325
map00052.oriented;0.17983460426330566;655;223
map00053.oriented;0.394073486328125;1607;282
map00500.oriented;0.4413032531738281;2222;279
map00520.oriented;1.5131969451904297;6254;577
map00562.oriented;0.27170777320861816;1305;245
map00620.oriented;0.8899469375610352;4037;396
map00630.oriented;0.8085758686065674;3138;349
map00640.oriented;0.5153396129608154;2372;285
map00650.oriented;0.7003910541534424;2634;316
map00660.oriented;0.060028076171875;240;138
map01200.oriented;7.703548192977905;26231;917
map01210.oriented;4.716356039047241;16836;720
map01212.oriented;1.7743680477142334;6733;527
map01220.oriented;14.533961057662964;52877;1240
map01230.oriented;4.219213008880615;13796;711
map01232.oriented;2.743295192718506;11055;571
map01240.oriented;16.069032192230225;30442;1516
map01250.oriented;3.0163800716400146;10649;790
map00010.oriented;0.3176753520965576;1268;241
map00020.oriented;0.09101295471191406;397;138
map00030.oriented;0.24721002578735352;872;229
map00040.oriented;0.7398779392242432;3209;326
map00051.oriented;0.4374239444732666;1920;325
map00052.oriented;0.19982576370239258;600;223
map00053.oriented;0.34200263023376465;1445;282
map00500.oriented;0.44793248176574707;2256;279
map00520.oriented;1.5150034427642822;6303;577
map00562.oriented;0.2665369510650635;1261;245
map00620.oriented;0.9941465854644775;4482;396
map00630.oriented;0.5900943279266357;1930;349
map00640.oriented;0.5270216464996338;2262;285
map00650.oriented;0.7985363006591797;3418;316
map00660.oriented;0.06209850311279297;256;138
map01200.oriented;8.162328720092773;27971;917
map01210.oriented;4.7557549476623535;17285;720
map01212.oriented;1.9779458045959473;7870;527
map01220.oriented;11.865444660186768;39248;1240
map01230.oriented;4.277939796447754;14376;711
map01232.oriented;2.674039602279663;10593;571
map01240.oriented;15.512142181396484;29083;1516
map01250.oriented;2.7292556762695312;8459;790
map00010.oriented;0.32025718688964844;1286;241
map00020.oriented;0.09627342224121094;431;138
map00030.oriented;0.19411087036132812;835;229
map00040.oriented;0.7985117435455322;3378;326
map00051.oriented;0.4422569274902344;1962;325
map00052.oriented;0.20887470245361328;850;223
map00053.oriented;0.33234381675720215;1423;282
map00500.oriented;0.47162485122680664;2219;279
map00520.oriented;1.3338932991027832;5158;577
map00562.oriented;0.29215002059936523;1420;245
map00620.oriented;0.9121415615081787;4160;396
map00630.oriented;0.7125828266143799;2637;349
map00640.oriented;0.474759578704834;2095;285
map00650.oriented;0.8058276176452637;3280;316
map00660.oriented;0.06335663795471191;261;138
map01200.oriented;7.030958652496338;22516;917
map01210.oriented;4.50935435295105;16332;720
map01212.oriented;2.4063920974731445;9952;527
map01220.oriented;14.53227686882019;52790;1240
map01230.oriented;4.394730091094971;14703;711
map01232.oriented;2.707364082336426;10849;571
map01240.oriented;14.786705017089844;25049;1516
map01250.oriented;2.708298921585083;8459;790
map00010.oriented;0.3345367908477783;1383;241
map00020.oriented;0.09151601791381836;397;138
map00030.oriented;0.19538402557373047;820;229
map00040.oriented;0.6702511310577393;2598;326
map00051.oriented;0.45279574394226074;2039;325
map00052.oriented;0.1828010082244873;643;223
map00053.oriented;0.33533787727355957;976;282
map00500.oriented;0.5297157764434814;2420;279
map00520.oriented;0.9243113994598389;2255;577
map00562.oriented;0.2865321636199951;1343;245
map00620.oriented;1.139523983001709;5244;396
map00630.oriented;0.8139462471008301;2682;349
map00640.oriented;0.48346996307373047;1768;285
map00650.oriented;0.7907257080078125;3014;316
map00660.oriented;0.06652545928955078;264;138
map01200.oriented;8.69315505027771;28368;917
map01210.oriented;4.455152988433838;15571;720
map01212.oriented;1.880178451538086;6774;527
map01220.oriented;15.325994968414307;55090;1240
map01230.oriented;4.324467897415161;13976;711
map01232.oriented;2.7042360305786133;10593;571
map01240.oriented;16.66929340362549;31823;1516
map01250.oriented;3.0732200145721436;10649;790
map00010.oriented;0.34275317192077637;1384;241
map00020.oriented;0.10145783424377441;460;138
map00030.oriented;0.20070624351501465;872;229
map00040.oriented;0.7696709632873535;3021;326
map00051.oriented;0.46213245391845703;2073;325
map00052.oriented;0.2114274501800537;655;223
map00053.oriented;0.3494882583618164;1458;282
map00500.oriented;0.36507463455200195;1632;279
map00520.oriented;1.3321692943572998;4731;577
map00562.oriented;0.2983829975128174;1439;245
map00620.oriented;1.022416114807129;4560;396
map00630.oriented;0.7264819145202637;2772;349
map00640.oriented;0.5259597301483154;2164;285
map00650.oriented;0.7157752513885498;2842;316
map00660.oriented;0.06058764457702637;238;138
map01200.oriented;8.712398767471313;30350;917
map01210.oriented;5.199092388153076;18673;720
map01212.oriented;1.828249454498291;6576;527
map01220.oriented;14.350867986679077;50634;1240
map01230.oriented;4.423241138458252;14416;711
map01232.oriented;3.254624605178833;13315;571
map01240.oriented;14.565804719924927;23135;1516
map01250.oriented;3.115741491317749;10649;790
